image_width: 1224
image_height: 1024
camera_name: rgb_cam_fs_f
camera_matrix:
  rows: 3
  cols: 3
  data: [727.792453317481,0.,616.394951854706,0.,726.8557512995924,511.8381408450674,0.,0.,1.]
distortion_model: radtan
distortion_coefficients:
  rows: 1
  cols: 4
  data: [-0.022843215476145595,0.049915786359922804,-0.0020095180732768126,0.0012553782615550195]
rectification_matrix:
  rows: 3
  cols: 3
  data: [1,0.,0.,0.,1.,0.,0.,0.,1.]
projection_matrix:
  rows: 3
  cols: 4
  data: [755.53881836,0.,617.4078624,0.,0.,753.56341553,508.7077313,0.,0.,0.,1.,0.]